PARAMETRI CONFIGURATI:
- Kp: 10
- Ki: 5.0
- Ti: 2.0
- Vx_target: 1.5
- dt: 0.001
- T_sim: 40.0

RISULTATI OTTENUTI:
- Errore_Medio: 0.03089796590356237
- Errore_Max: 0.3417606725659701
- Errore_RMS: 0.04158018678027095
