PARAMETRI CONFIGURATI:
- Kp: 10
- Ki: 5.0
- Ti: 2.0
- Vx_target: 1.5
- dt: 0.001
- T_sim: 40.0

RISULTATI OTTENUTI:
- Errore_Medio: 0.031095065402321004
- Errore_Max: 0.31018434217118523
- Errore_RMS: 0.04040996353693833
