PARAMETRI CONFIGURATI:
- Controllo: Cascata (P)
- Vx_target: 1.5
- PID_Long_Kp_Ki: [10.0, 5.0]
- PID_Lat_Kp_Ki_Kd: [0.3, 0.0, 0.0]
- L_base: 0.15
- T_sim: 40.0

RISULTATI OTTENUTI:
- Errore_Medio_m: 0.02421857721478974
- Errore_Max_m: 0.2136761821532254
- Errore_RMS_m: 0.03165667453850115
